error(train): 0.4642857142857143
error(test): 0.5357142857142857